1.000000000000000000e+00 8.518518518518518601e-01 8.518518518518518601e-01 8.264840182648401923e-01 8.018018018018018278e-01 9.138755980861243966e-01 7.621145374449339593e-01 8.867924528301887044e-01 6.736401673640167731e-01 7.391304347826086474e-01 8.433179723502304270e-01 8.691588785046728827e-01 7.021276595744680993e-01 9.047619047619047672e-01 8.604651162790697416e-01 7.699115044247787365e-01 9.801980198019801804e-01 7.937219730941703633e-01 7.937219730941703633e-01 6.326530612244898322e-01
8.518518518518518601e-01 1.000000000000000000e+00 8.018018018018018278e-01 8.018018018018018278e-01 8.264840182648401923e-01 8.518518518518518601e-01 7.543859649122807154e-01 8.099547511312217285e-01 6.806722689075630495e-01 7.857142857142856984e-01 8.018018018018018278e-01 8.181818181818182323e-01 6.877637130801688148e-01 8.604651162790697416e-01 8.099547511312217285e-01 7.777777777777777901e-01 8.604651162790697416e-01 8.867924528301887044e-01 7.543859649122807154e-01 6.736401673640167731e-01
8.518518518518518601e-01 8.018018018018018278e-01 1.000000000000000000e+00 8.957345971563981379e-01 7.857142857142856984e-01 8.604651162790697416e-01 8.018018018018018278e-01 9.230769230769231282e-01 6.736401673640167731e-01 7.094017094017094349e-01 9.047619047619047672e-01 8.867924528301887044e-01 7.391304347826086474e-01 8.181818181818182323e-01 9.704433497536946174e-01 7.543859649122807154e-01 8.518518518518518601e-01 7.621145374449339593e-01 8.018018018018018278e-01 6.460905349794238139e-01
8.264840182648401923e-01 8.018018018018018278e-01 8.957345971563981379e-01 1.000000000000000000e+00 7.937219730941703633e-01 8.348623853211009083e-01 8.691588785046728827e-01 8.779342723004694982e-01 6.949152542372881713e-01 7.241379310344827624e-01 9.323671497584541390e-01 8.779342723004694982e-01 7.937219730941703633e-01 7.937219730941703633e-01 8.867924528301887044e-01 7.621145374449339593e-01 8.264840182648401923e-01 7.621145374449339593e-01 7.937219730941703633e-01 6.597510373443983278e-01
8.018018018018018278e-01 8.264840182648401923e-01 7.857142857142856984e-01 7.937219730941703633e-01 1.000000000000000000e+00 8.691588785046728827e-01 7.857142857142856984e-01 7.857142857142856984e-01 7.391304347826086474e-01 8.867924528301887044e-01 7.937219730941703633e-01 8.018018018018018278e-01 7.094017094017094349e-01 7.937219730941703633e-01 7.777777777777777901e-01 8.779342723004694982e-01 8.018018018018018278e-01 8.518518518518518601e-01 7.543859649122807154e-01 7.316017316017315864e-01
9.138755980861243966e-01 8.518518518518518601e-01 8.604651162790697416e-01 8.348623853211009083e-01 8.691588785046728827e-01 1.000000000000000000e+00 7.857142857142856984e-01 8.867924528301887044e-01 7.167381974248927534e-01 7.937219730941703633e-01 8.518518518518518601e-01 8.957345971563981379e-01 7.167381974248927534e-01 8.433179723502304270e-01 8.604651162790697416e-01 8.181818181818182323e-01 9.138755980861243966e-01 8.264840182648401923e-01 7.699115044247787365e-01 6.736401673640167731e-01
7.621145374449339593e-01 7.543859649122807154e-01 8.018018018018018278e-01 8.691588785046728827e-01 7.857142857142856984e-01 7.857142857142856984e-01 1.000000000000000000e+00 8.018018018018018278e-01 7.316017316017315864e-01 7.241379310344827624e-01 8.518518518518518601e-01 8.348623853211009083e-01 8.779342723004694982e-01 7.467248908296942878e-01 7.937219730941703633e-01 7.857142857142856984e-01 7.621145374449339593e-01 7.543859649122807154e-01 7.467248908296942878e-01 6.806722689075630495e-01
8.867924528301887044e-01 8.099547511312217285e-01 9.230769230769231282e-01 8.779342723004694982e-01 7.857142857142856984e-01 8.867924528301887044e-01 8.018018018018018278e-01 1.000000000000000000e+00 6.736401673640167731e-01 7.167381974248927534e-01 9.138755980861243966e-01 8.957345971563981379e-01 7.316017316017315864e-01 8.264840182648401923e-01 9.323671497584541390e-01 7.543859649122807154e-01 8.867924528301887044e-01 7.699115044247787365e-01 8.099547511312217285e-01 6.528925619834711203e-01
6.736401673640167731e-01 6.806722689075630495e-01 6.736401673640167731e-01 6.949152542372881713e-01 7.391304347826086474e-01 7.167381974248927534e-01 7.316017316017315864e-01 6.736401673640167731e-01 1.000000000000000000e+00 7.543859649122807154e-01 6.949152542372881713e-01 7.021276595744680993e-01 7.621145374449339593e-01 6.666666666666666297e-01 6.666666666666666297e-01 8.181818181818182323e-01 6.806722689075630495e-01 7.167381974248927534e-01 6.460905349794238139e-01 6.666666666666666297e-01
7.391304347826086474e-01 7.857142857142856984e-01 7.094017094017094349e-01 7.241379310344827624e-01 8.867924528301887044e-01 7.937219730941703633e-01 7.241379310344827624e-01 7.167381974248927534e-01 7.543859649122807154e-01 1.000000000000000000e+00 7.241379310344827624e-01 7.316017316017315864e-01 7.021276595744680993e-01 7.316017316017315864e-01 7.094017094017094349e-01 8.518518518518518601e-01 7.391304347826086474e-01 8.348623853211009083e-01 6.949152542372881713e-01 7.094017094017094349e-01
8.433179723502304270e-01 8.018018018018018278e-01 9.047619047619047672e-01 9.323671497584541390e-01 7.937219730941703633e-01 8.518518518518518601e-01 8.518518518518518601e-01 9.138755980861243966e-01 6.949152542372881713e-01 7.241379310344827624e-01 1.000000000000000000e+00 8.867924528301887044e-01 7.777777777777777901e-01 8.018018018018018278e-01 8.867924528301887044e-01 7.699115044247787365e-01 8.433179723502304270e-01 7.699115044247787365e-01 7.857142857142856984e-01 6.666666666666666297e-01
8.691588785046728827e-01 8.181818181818182323e-01 8.867924528301887044e-01 8.779342723004694982e-01 8.018018018018018278e-01 8.957345971563981379e-01 8.348623853211009083e-01 8.957345971563981379e-01 7.021276595744680993e-01 7.316017316017315864e-01 8.867924528301887044e-01 1.000000000000000000e+00 7.777777777777777901e-01 8.181818181818182323e-01 8.691588785046728827e-01 7.699115044247787365e-01 8.691588785046728827e-01 7.699115044247787365e-01 7.621145374449339593e-01 6.806722689075630495e-01
7.021276595744680993e-01 6.877637130801688148e-01 7.391304347826086474e-01 7.937219730941703633e-01 7.094017094017094349e-01 7.167381974248927534e-01 8.779342723004694982e-01 7.316017316017315864e-01 7.621145374449339593e-01 7.021276595744680993e-01 7.777777777777777901e-01 7.777777777777777901e-01 1.000000000000000000e+00 6.736401673640167731e-01 7.316017316017315864e-01 7.316017316017315864e-01 7.021276595744680993e-01 6.806722689075630495e-01 6.806722689075630495e-01 6.326530612244898322e-01
9.047619047619047672e-01 8.604651162790697416e-01 8.181818181818182323e-01 7.937219730941703633e-01 7.937219730941703633e-01 8.433179723502304270e-01 7.467248908296942878e-01 8.264840182648401923e-01 6.666666666666666297e-01 7.316017316017315864e-01 8.018018018018018278e-01 8.181818181818182323e-01 6.736401673640167731e-01 1.000000000000000000e+00 8.264840182648401923e-01 7.621145374449339593e-01 9.138755980861243966e-01 8.099547511312217285e-01 8.264840182648401923e-01 6.260162601626015899e-01
8.604651162790697416e-01 8.099547511312217285e-01 9.704433497536946174e-01 8.867924528301887044e-01 7.777777777777777901e-01 8.604651162790697416e-01 7.937219730941703633e-01 9.323671497584541390e-01 6.666666666666666297e-01 7.094017094017094349e-01 8.867924528301887044e-01 8.691588785046728827e-01 7.316017316017315864e-01 8.264840182648401923e-01 1.000000000000000000e+00 7.467248908296942878e-01 8.604651162790697416e-01 7.621145374449339593e-01 8.099547511312217285e-01 6.326530612244898322e-01
7.699115044247787365e-01 7.777777777777777901e-01 7.543859649122807154e-01 7.621145374449339593e-01 8.779342723004694982e-01 8.181818181818182323e-01 7.857142857142856984e-01 7.543859649122807154e-01 8.181818181818182323e-01 8.518518518518518601e-01 7.699115044247787365e-01 7.699115044247787365e-01 7.316017316017315864e-01 7.621145374449339593e-01 7.467248908296942878e-01 1.000000000000000000e+00 7.699115044247787365e-01 8.181818181818182323e-01 7.391304347826086474e-01 7.316017316017315864e-01
9.801980198019801804e-01 8.604651162790697416e-01 8.518518518518518601e-01 8.264840182648401923e-01 8.018018018018018278e-01 9.138755980861243966e-01 7.621145374449339593e-01 8.867924528301887044e-01 6.806722689075630495e-01 7.391304347826086474e-01 8.433179723502304270e-01 8.691588785046728827e-01 7.021276595744680993e-01 9.138755980861243966e-01 8.604651162790697416e-01 7.699115044247787365e-01 1.000000000000000000e+00 8.099547511312217285e-01 7.857142857142856984e-01 6.326530612244898322e-01
7.937219730941703633e-01 8.867924528301887044e-01 7.621145374449339593e-01 7.621145374449339593e-01 8.518518518518518601e-01 8.264840182648401923e-01 7.543859649122807154e-01 7.699115044247787365e-01 7.167381974248927534e-01 8.348623853211009083e-01 7.699115044247787365e-01 7.699115044247787365e-01 6.806722689075630495e-01 8.099547511312217285e-01 7.621145374449339593e-01 8.181818181818182323e-01 8.099547511312217285e-01 1.000000000000000000e+00 7.467248908296942878e-01 6.949152542372881713e-01
7.937219730941703633e-01 7.543859649122807154e-01 8.018018018018018278e-01 7.937219730941703633e-01 7.543859649122807154e-01 7.699115044247787365e-01 7.467248908296942878e-01 8.099547511312217285e-01 6.460905349794238139e-01 6.949152542372881713e-01 7.857142857142856984e-01 7.621145374449339593e-01 6.806722689075630495e-01 8.264840182648401923e-01 8.099547511312217285e-01 7.391304347826086474e-01 7.857142857142856984e-01 7.467248908296942878e-01 1.000000000000000000e+00 5.999999999999999778e-01
6.326530612244898322e-01 6.736401673640167731e-01 6.460905349794238139e-01 6.597510373443983278e-01 7.316017316017315864e-01 6.736401673640167731e-01 6.806722689075630495e-01 6.528925619834711203e-01 6.666666666666666297e-01 7.094017094017094349e-01 6.666666666666666297e-01 6.806722689075630495e-01 6.326530612244898322e-01 6.260162601626015899e-01 6.326530612244898322e-01 7.316017316017315864e-01 6.326530612244898322e-01 6.949152542372881713e-01 5.999999999999999778e-01 1.000000000000000000e+00
