1.000000000000000000e+00 3.675213675213675479e-01 2.213740458015267254e-01 1.940298507462686617e-01 2.121212121212121271e-01 2.598425196850393526e-01 1.188811188811188801e-01 2.500000000000000000e-01 8.108108108108108558e-02 1.510791366906474864e-01 2.213740458015267254e-01 2.213740458015267254e-01 8.843537414965986498e-02 5.533980582524271608e-01 2.698412698412698263e-01 2.030075187969924699e-01 5.094339622641509413e-01 2.121212121212121271e-01 1.510791366906474864e-01 2.030075187969924699e-01
3.675213675213675479e-01 1.000000000000000000e+00 2.030075187969924699e-01 1.851851851851851749e-01 3.008130081300813274e-01 3.559322033898305038e-01 1.428571428571428492e-01 2.121212121212121271e-01 9.589041095890410427e-02 3.008130081300813274e-01 2.403100775193798555e-01 2.121212121212121271e-01 1.034482758620689641e-01 4.953271028037383172e-01 2.403100775193798555e-01 2.800000000000000266e-01 5.533980582524271608e-01 4.159292035398229892e-01 1.428571428571428492e-01 1.594202898550724501e-01
2.213740458015267254e-01 2.030075187969924699e-01 1.000000000000000000e+00 5.841584158415841221e-01 2.403100775193798555e-01 2.500000000000000000e-01 3.445378151260504174e-01 5.533980582524271608e-01 2.500000000000000000e-01 1.111111111111111049e-01 5.999999999999999778e-01 3.223140495867768407e-01 3.008130081300813274e-01 2.121212121212121271e-01 7.204301075268817467e-01 2.307692307692307820e-01 2.121212121212121271e-01 1.851851851851851749e-01 2.213740458015267254e-01 1.940298507462686617e-01
1.940298507462686617e-01 1.851851851851851749e-01 5.841584158415841221e-01 1.000000000000000000e+00 2.598425196850393526e-01 2.698412698412698263e-01 4.814814814814814548e-01 4.953271028037383172e-01 3.008130081300813274e-01 1.347517730496453903e-01 6.161616161616161325e-01 3.675213675213675479e-01 4.414414414414414289e-01 1.764705882352941291e-01 5.533980582524271608e-01 2.598425196850393526e-01 1.851851851851851749e-01 1.594202898550724501e-01 2.403100775193798555e-01 1.851851851851851749e-01
2.121212121212121271e-01 3.008130081300813274e-01 2.403100775193798555e-01 2.598425196850393526e-01 1.000000000000000000e+00 5.999999999999999778e-01 2.403100775193798555e-01 1.851851851851851749e-01 2.307692307692307820e-01 6.326530612244898322e-01 2.903225806451613100e-01 2.698412698412698263e-01 2.213740458015267254e-01 2.307692307692307820e-01 2.213740458015267254e-01 6.326530612244898322e-01 2.403100775193798555e-01 5.238095238095238360e-01 2.121212121212121271e-01 1.851851851851851749e-01
2.598425196850393526e-01 3.559322033898305038e-01 2.500000000000000000e-01 2.698412698412698263e-01 5.999999999999999778e-01 1.000000000000000000e+00 2.403100775193798555e-01 2.800000000000000266e-01 2.121212121212121271e-01 4.545454545454545303e-01 2.698412698412698263e-01 3.675213675213675479e-01 2.121212121212121271e-01 2.698412698412698263e-01 3.008130081300813274e-01 5.533980582524271608e-01 3.445378151260504174e-01 4.414414414414414289e-01 1.764705882352941291e-01 2.030075187969924699e-01
1.188811188811188801e-01 1.428571428571428492e-01 3.445378151260504174e-01 4.814814814814814548e-01 2.403100775193798555e-01 2.403100775193798555e-01 1.000000000000000000e+00 3.559322033898305038e-01 3.445378151260504174e-01 1.510791366906474864e-01 4.035087719298245390e-01 4.285714285714285476e-01 6.494845360824742508e-01 1.188811188811188801e-01 3.008130081300813274e-01 2.698412698412698263e-01 1.347517730496453903e-01 1.678832116788321061e-01 1.940298507462686617e-01 1.347517730496453903e-01
2.500000000000000000e-01 2.121212121212121271e-01 5.533980582524271608e-01 4.953271028037383172e-01 1.851851851851851749e-01 2.800000000000000266e-01 3.559322033898305038e-01 1.000000000000000000e+00 2.403100775193798555e-01 8.843537414965986498e-02 4.814814814814814548e-01 3.675213675213675479e-01 2.598425196850393526e-01 2.213740458015267254e-01 6.161616161616161325e-01 2.121212121212121271e-01 2.403100775193798555e-01 1.267605633802816878e-01 1.851851851851851749e-01 1.851851851851851749e-01
8.108108108108108558e-02 9.589041095890410427e-02 2.500000000000000000e-01 3.008130081300813274e-01 2.307692307692307820e-01 2.121212121212121271e-01 3.445378151260504174e-01 2.403100775193798555e-01 1.000000000000000000e+00 2.121212121212121271e-01 2.403100775193798555e-01 2.500000000000000000e-01 3.793103448275861878e-01 8.108108108108108558e-02 2.307692307692307820e-01 3.223140495867768407e-01 8.108108108108108558e-02 1.940298507462686617e-01 1.851851851851851749e-01 1.428571428571428492e-01
1.510791366906474864e-01 3.008130081300813274e-01 1.111111111111111049e-01 1.347517730496453903e-01 6.326530612244898322e-01 4.545454545454545303e-01 1.510791366906474864e-01 8.843537414965986498e-02 2.121212121212121271e-01 1.000000000000000000e+00 1.510791366906474864e-01 1.428571428571428492e-01 1.594202898550724501e-01 1.678832116788321061e-01 1.111111111111111049e-01 4.678899082568807599e-01 1.940298507462686617e-01 5.533980582524271608e-01 1.851851851851851749e-01 1.428571428571428492e-01
2.213740458015267254e-01 2.403100775193798555e-01 5.999999999999999778e-01 6.161616161616161325e-01 2.903225806451613100e-01 2.698412698412698263e-01 4.035087719298245390e-01 4.814814814814814548e-01 2.403100775193798555e-01 1.510791366906474864e-01 1.000000000000000000e+00 3.559322033898305038e-01 3.675213675213675479e-01 2.213740458015267254e-01 4.953271028037383172e-01 2.698412698412698263e-01 2.307692307692307820e-01 2.213740458015267254e-01 2.213740458015267254e-01 1.678832116788321061e-01
2.213740458015267254e-01 2.121212121212121271e-01 3.223140495867768407e-01 3.675213675213675479e-01 2.698412698412698263e-01 3.675213675213675479e-01 4.285714285714285476e-01 3.675213675213675479e-01 2.500000000000000000e-01 1.428571428571428492e-01 3.559322033898305038e-01 1.000000000000000000e+00 3.675213675213675479e-01 2.030075187969924699e-01 3.333333333333333148e-01 3.223140495867768407e-01 2.030075187969924699e-01 1.678832116788321061e-01 1.347517730496453903e-01 1.034482758620689641e-01
8.843537414965986498e-02 1.034482758620689641e-01 3.008130081300813274e-01 4.414414414414414289e-01 2.213740458015267254e-01 2.121212121212121271e-01 6.494845360824742508e-01 2.598425196850393526e-01 3.793103448275861878e-01 1.594202898550724501e-01 3.675213675213675479e-01 3.675213675213675479e-01 1.000000000000000000e+00 8.843537414965986498e-02 2.698412698412698263e-01 2.500000000000000000e-01 9.589041095890410427e-02 1.678832116788321061e-01 1.678832116788321061e-01 1.188811188811188801e-01
5.533980582524271608e-01 4.953271028037383172e-01 2.121212121212121271e-01 1.764705882352941291e-01 2.307692307692307820e-01 2.698412698412698263e-01 1.188811188811188801e-01 2.213740458015267254e-01 8.108108108108108558e-02 1.678832116788321061e-01 2.213740458015267254e-01 2.030075187969924699e-01 8.843537414965986498e-02 1.000000000000000000e+00 2.500000000000000000e-01 2.213740458015267254e-01 5.999999999999999778e-01 2.698412698412698263e-01 1.594202898550724501e-01 2.121212121212121271e-01
2.698412698412698263e-01 2.403100775193798555e-01 7.204301075268817467e-01 5.533980582524271608e-01 2.213740458015267254e-01 3.008130081300813274e-01 3.008130081300813274e-01 6.161616161616161325e-01 2.307692307692307820e-01 1.111111111111111049e-01 4.953271028037383172e-01 3.333333333333333148e-01 2.698412698412698263e-01 2.500000000000000000e-01 1.000000000000000000e+00 2.403100775193798555e-01 2.500000000000000000e-01 1.594202898550724501e-01 1.940298507462686617e-01 2.121212121212121271e-01
2.030075187969924699e-01 2.800000000000000266e-01 2.307692307692307820e-01 2.598425196850393526e-01 6.326530612244898322e-01 5.533980582524271608e-01 2.698412698412698263e-01 2.121212121212121271e-01 3.223140495867768407e-01 4.678899082568807599e-01 2.698412698412698263e-01 3.223140495867768407e-01 2.500000000000000000e-01 2.213740458015267254e-01 2.403100775193798555e-01 1.000000000000000000e+00 2.307692307692307820e-01 3.793103448275861878e-01 2.030075187969924699e-01 1.851851851851851749e-01
5.094339622641509413e-01 5.533980582524271608e-01 2.121212121212121271e-01 1.851851851851851749e-01 2.403100775193798555e-01 3.445378151260504174e-01 1.347517730496453903e-01 2.403100775193798555e-01 8.108108108108108558e-02 1.940298507462686617e-01 2.307692307692307820e-01 2.030075187969924699e-01 9.589041095890410427e-02 5.999999999999999778e-01 2.500000000000000000e-01 2.307692307692307820e-01 1.000000000000000000e+00 2.500000000000000000e-01 1.428571428571428492e-01 2.213740458015267254e-01
2.121212121212121271e-01 4.159292035398229892e-01 1.851851851851851749e-01 1.594202898550724501e-01 5.238095238095238360e-01 4.414414414414414289e-01 1.678832116788321061e-01 1.267605633802816878e-01 1.940298507462686617e-01 5.533980582524271608e-01 2.213740458015267254e-01 1.678832116788321061e-01 1.678832116788321061e-01 2.698412698412698263e-01 1.594202898550724501e-01 3.793103448275861878e-01 2.500000000000000000e-01 1.000000000000000000e+00 1.851851851851851749e-01 1.678832116788321061e-01
1.510791366906474864e-01 1.428571428571428492e-01 2.213740458015267254e-01 2.403100775193798555e-01 2.121212121212121271e-01 1.764705882352941291e-01 1.940298507462686617e-01 1.851851851851851749e-01 1.851851851851851749e-01 1.851851851851851749e-01 2.213740458015267254e-01 1.347517730496453903e-01 1.678832116788321061e-01 1.594202898550724501e-01 1.940298507462686617e-01 2.030075187969924699e-01 1.428571428571428492e-01 1.851851851851851749e-01 1.000000000000000000e+00 5.686274509803921351e-01
2.030075187969924699e-01 1.594202898550724501e-01 1.940298507462686617e-01 1.851851851851851749e-01 1.851851851851851749e-01 2.030075187969924699e-01 1.347517730496453903e-01 1.851851851851851749e-01 1.428571428571428492e-01 1.428571428571428492e-01 1.678832116788321061e-01 1.034482758620689641e-01 1.188811188811188801e-01 2.121212121212121271e-01 2.121212121212121271e-01 1.851851851851851749e-01 2.213740458015267254e-01 1.678832116788321061e-01 5.686274509803921351e-01 1.000000000000000000e+00
